[
    {
        "cpu": [
            12.458333333333334,
            83.01666666666667,
            3.3166666666666664,
            4.9750000000000005,
            5.808333333333334,
            4.983333333333333,
            6.641666666666667,
            7.4750000000000005,
            6.641666666666667,
            3.3249999999999997,
            5.808333333333334,
            5.816666666666666,
            31.599999999999998,
            56.541666666666664,
            7.458333333333333,
            7.466666666666666,
            8.308333333333334,
            8.308333333333334,
            4.141666666666667,
            0.0,
            0.0,
            0.0,
            0.0,
            0.0,
            4.983333333333333,
            8.299999999999999,
            8.291666666666666,
            8.316666666666666,
            8.308333333333334,
            8.299999999999999,
            8.308333333333334,
            8.308333333333334,
            1.6583333333333332,
            0.0,
            0.0,
            0.0,
            0.0,
            5.808333333333334,
            9.125,
            8.291666666666666,
            8.299999999999999,
            8.299999999999999,
            8.299999999999999,
            8.291666666666666,
            8.299999999999999,
            8.299999999999999,
            8.299999999999999,
            8.316666666666666,
            8.291666666666666,
            6.633333333333333,
            9.141666666666667,
            6.641666666666667,
            8.308333333333334,
            8.308333333333334,
            4.9750000000000005,
            0.0,
            0.0,
            0.0,
            0.0,
            0.0
        ],
        "ram": [
            24580096,
            34471936,
            46403584,
            58601472,
            66830336,
            71626752,
            73822208,
            77295616,
            84676608,
            91439104,
            99385344,
            104902656,
            128376832,
            139239424,
            143847424,
            146411520,
            156299264,
            161562624,
            162938880,
            162938880,
            162938880,
            162938880,
            162938880,
            162938880,
            163467264,
            163467264,
            163598336,
            163598336,
            163598336,
            163598336,
            163598336,
            163663872,
            163790848,
            163790848,
            163790848,
            163790848,
            163790848,
            164651008,
            198283264,
            198492160,
            198955008,
            198955008,
            198955008,
            199348224,
            199348224,
            199348224,
            199348224,
            199348224,
            199348224,
            232398848,
            232669184,
            232669184,
            200736768,
            200736768,
            0,
            0,
            0,
            0,
            0,
            0
        ],
        "io_data": [
            190,
            215,
            166,
            245,
            192,
            192,
            243,
            1017,
            271,
            265,
            304,
            231,
            362,
            302,
            62,
            68,
            295,
            73,
            19,
            2,
            1,
            0,
            16,
            0,
            8,
            0,
            0,
            0,
            0,
            0,
            0,
            7,
            0,
            1,
            0,
            16,
            0,
            10,
            2929,
            9001,
            5655,
            3734,
            3902,
            3536,
            3934,
            4025,
            4021,
            4257,
            3739,
            455,
            5,
            5,
            8,
            0,
            0,
            0,
            0,
            0,
            0,
            0
        ],
        "io_bytes": [
            0,
            0,
            0,
            0,
            0,
            0,
            0,
            28672,
            0,
            0,
            0,
            0,
            0,
            0,
            0,
            0,
            0,
            0,
            0,
            0,
            0,
            0,
            0,
            0,
            0,
            0,
            0,
            0,
            0,
            0,
            0,
            0,
            0,
            0,
            0,
            0,
            0,
            0,
            0,
            0,
            0,
            0,
            0,
            0,
            0,
            0,
            0,
            0,
            0,
            0,
            0,
            0,
            0,
            0,
            0,
            0,
            0,
            0,
            0,
            0
        ]
    },
    {
        "cpu": [
            14.941666666666668,
            83.11666666666666,
            2.4916666666666667,
            4.991666666666666,
            6.641666666666667,
            4.983333333333333,
            6.641666666666667,
            4.991666666666666,
            5.816666666666666,
            5.808333333333334,
            13.299999999999999,
            91.425,
            8.299999999999999,
            7.4750000000000005,
            4.983333333333333,
            0.0,
            0.0,
            0.0,
            0.0,
            0.0,
            0.0,
            0.0,
            0.0,
            0.0,
            0.0,
            0.0,
            0.0,
            0.0,
            0.0,
            0.0,
            0.0,
            6.641666666666667,
            8.316666666666666,
            8.308333333333334,
            8.308333333333334,
            8.299999999999999,
            8.308333333333334,
            8.316666666666666,
            2.4916666666666667,
            0.0,
            0.0,
            0.0,
            0.0,
            4.983333333333333,
            7.4750000000000005,
            8.291666666666666,
            8.299999999999999,
            8.308333333333334,
            8.308333333333334,
            8.299999999999999,
            8.308333333333334,
            9.133333333333333,
            8.299999999999999,
            8.299999999999999,
            8.291666666666666,
            7.466666666666666,
            8.299999999999999,
            8.299999999999999,
            7.483333333333333,
            8.308333333333334
        ],
        "ram": [
            24965120,
            32100352,
            41959424,
            55005184,
            65921024,
            75448320,
            87109632,
            92532736,
            100421632,
            108785664,
            129847296,
            145764352,
            152686592,
            168013824,
            169201664,
            169201664,
            169201664,
            169201664,
            169201664,
            169201664,
            169201664,
            169201664,
            169201664,
            169201664,
            169201664,
            169201664,
            169201664,
            169201664,
            169201664,
            169201664,
            169201664,
            169836544,
            169979904,
            169979904,
            169979904,
            169979904,
            169979904,
            170123264,
            170528768,
            170528768,
            170528768,
            170528768,
            170528768,
            170909696,
            204963840,
            205340672,
            205860864,
            205860864,
            205860864,
            205860864,
            206172160,
            206172160,
            206172160,
            206172160,
            206172160,
            238784512,
            239054848,
            239054848,
            239054848,
            207208448
        ],
        "io_data": [
            196,
            190,
            136,
            254,
            220,
            202,
            267,
            217,
            324,
            331,
            284,
            390,
            98,
            400,
            19,
            0,
            2,
            0,
            0,
            0,
            0,
            0,
            0,
            0,
            0,
            0,
            0,
            1,
            0,
            16,
            0,
            8,
            0,
            0,
            0,
            0,
            0,
            7,
            0,
            1,
            0,
            16,
            0,
            11,
            1595,
            9173,
            6301,
            3508,
            3802,
            3434,
            3306,
            3478,
            2846,
            4144,
            4078,
            2101,
            2,
            6,
            6,
            6
        ],
        "io_bytes": [
            0,
            0,
            0,
            0,
            0,
            0,
            0,
            0,
            0,
            0,
            0,
            0,
            0,
            0,
            0,
            0,
            0,
            0,
            0,
            0,
            0,
            0,
            0,
            0,
            0,
            0,
            0,
            0,
            0,
            0,
            0,
            0,
            0,
            0,
            0,
            0,
            0,
            0,
            0,
            0,
            0,
            0,
            0,
            0,
            0,
            0,
            0,
            0,
            0,
            0,
            0,
            0,
            0,
            0,
            0,
            0,
            0,
            0,
            0,
            0
        ]
    },
    {
        "cpu": [
            17.458333333333332,
            80.55833333333334,
            4.158333333333333,
            6.641666666666667,
            5.816666666666666,
            7.4750000000000005,
            5.816666666666666,
            3.3166666666666664,
            6.6499999999999995,
            5.808333333333334,
            65.66666666666667,
            42.391666666666666,
            7.4750000000000005,
            6.641666666666667,
            0.0,
            0.0,
            0.0,
            1.6583333333333332,
            0.0,
            2.4916666666666667,
            8.291666666666666,
            8.299999999999999,
            8.316666666666666,
            8.308333333333334,
            8.308333333333334,
            8.316666666666666,
            8.299999999999999,
            0.0,
            0.0,
            0.0,
            0.0,
            0.0,
            7.4750000000000005,
            7.466666666666666,
            8.308333333333334,
            8.308333333333334,
            8.308333333333334,
            8.299999999999999,
            8.316666666666666,
            8.308333333333334,
            8.316666666666666,
            8.299999999999999,
            8.299999999999999,
            8.308333333333334,
            9.141666666666667,
            7.466666666666666,
            7.483333333333333,
            7.4750000000000005,
            8.299999999999999,
            7.483333333333333,
            0.0,
            0.0,
            0.0,
            0.0,
            0.0,
            0.0,
            0.0,
            0.0,
            0.0,
            0.0
        ],
        "ram": [
            27054080,
            37351424,
            48926720,
            63160320,
            69693440,
            81477632,
            90341376,
            97529856,
            105517056,
            116801536,
            142671872,
            151654400,
            159600640,
            171151360,
            171151360,
            171151360,
            171151360,
            171151360,
            171151360,
            172032000,
            172032000,
            172191744,
            172191744,
            172191744,
            172191744,
            172191744,
            174837760,
            174837760,
            174837760,
            174837760,
            174837760,
            174837760,
            174067712,
            207552512,
            207581184,
            207978496,
            207978496,
            207978496,
            208412672,
            208412672,
            208412672,
            208412672,
            208412672,
            208412672,
            241221632,
            241221632,
            241221632,
            241221632,
            209465344,
            0,
            0,
            0,
            0,
            0,
            0,
            0,
            0,
            0,
            0,
            0
        ],
        "io_data": [
            196,
            221,
            205,
            226,
            210,
            202,
            257,
            293,
            309,
            431,
            367,
            124,
            287,
            199,
            2,
            0,
            1,
            16,
            0,
            10,
            0,
            0,
            0,
            0,
            0,
            0,
            7,
            0,
            1,
            0,
            16,
            8,
            1,
            5818,
            8243,
            4340,
            3582,
            3654,
            3768,
            3910,
            3046,
            2656,
            3980,
            3886,
            1373,
            4,
            6,
            4,
            4,
            0,
            0,
            0,
            0,
            0,
            0,
            0,
            0,
            0,
            0,
            0
        ],
        "io_bytes": [
            0,
            0,
            0,
            0,
            0,
            0,
            0,
            0,
            0,
            0,
            0,
            0,
            0,
            0,
            0,
            0,
            0,
            0,
            0,
            0,
            0,
            0,
            0,
            0,
            0,
            0,
            0,
            0,
            0,
            0,
            0,
            0,
            0,
            0,
            0,
            0,
            0,
            0,
            0,
            0,
            0,
            0,
            0,
            0,
            0,
            0,
            0,
            0,
            0,
            0,
            0,
            0,
            0,
            0,
            0,
            0,
            0,
            0,
            0,
            0
        ]
    },
    {
        "cpu": [
            22.458333333333332,
            73.14999999999999,
            4.983333333333333,
            5.816666666666666,
            5.816666666666666,
            5.808333333333334,
            8.299999999999999,
            4.983333333333333,
            4.9750000000000005,
            5.825,
            7.483333333333333,
            96.35000000000001,
            8.308333333333334,
            6.608333333333333,
            4.1499999999999995,
            0.0,
            0.0,
            0.0,
            0.0,
            0.0,
            0.0,
            7.4750000000000005,
            8.299999999999999,
            8.283333333333333,
            8.308333333333334,
            8.308333333333334,
            8.299999999999999,
            8.299999999999999,
            5.808333333333334,
            0.0,
            0.0,
            0.8333333333333334,
            0.0,
            0.0,
            6.641666666666667,
            9.141666666666667,
            8.299999999999999,
            8.299999999999999,
            8.299999999999999,
            8.299999999999999,
            8.316666666666666,
            8.291666666666666,
            8.308333333333334,
            8.308333333333334,
            8.299999999999999,
            8.299999999999999,
            8.299999999999999,
            7.466666666666666,
            7.483333333333333,
            8.308333333333334,
            8.299999999999999,
            2.4833333333333334,
            0.0,
            0.0,
            0.0,
            0.0,
            0.0,
            0.0,
            0.0,
            0.0
        ],
        "ram": [
            29151232,
            37187584,
            49938432,
            62726144,
            71184384,
            72036352,
            82231296,
            86802432,
            93908992,
            103710720,
            115535872,
            140922880,
            148017152,
            163229696,
            164438016,
            164438016,
            164438016,
            164438016,
            164438016,
            164438016,
            164438016,
            165195776,
            165359616,
            165359616,
            165359616,
            165359616,
            165359616,
            165359616,
            165892096,
            165892096,
            165892096,
            165892096,
            165892096,
            165892096,
            167346176,
            200716288,
            200716288,
            201166848,
            201166848,
            201482240,
            201482240,
            201482240,
            201482240,
            201482240,
            201482240,
            233746432,
            234233856,
            234233856,
            234233856,
            202432512,
            202530816,
            0,
            0,
            0,
            0,
            0,
            0,
            0,
            0,
            0
        ],
        "io_data": [
            200,
            195,
            176,
            257,
            210,
            168,
            253,
            221,
            250,
            388,
            283,
            412,
            98,
            399,
            21,
            0,
            1,
            0,
            16,
            0,
            4,
            4,
            0,
            0,
            0,
            0,
            0,
            0,
            7,
            0,
            1,
            16,
            0,
            9,
            1,
            5373,
            8760,
            4961,
            4039,
            4216,
            3690,
            3961,
            2953,
            3700,
            4032,
            3543,
            8,
            8,
            6,
            4,
            0,
            0,
            0,
            0,
            0,
            0,
            0,
            0,
            0,
            0
        ],
        "io_bytes": [
            0,
            0,
            0,
            0,
            0,
            0,
            0,
            0,
            0,
            0,
            0,
            0,
            0,
            0,
            0,
            0,
            0,
            0,
            0,
            0,
            0,
            0,
            0,
            0,
            0,
            0,
            0,
            0,
            0,
            0,
            0,
            0,
            0,
            0,
            0,
            0,
            0,
            0,
            0,
            0,
            0,
            0,
            0,
            0,
            0,
            0,
            0,
            0,
            0,
            0,
            0,
            0,
            0,
            0,
            0,
            0,
            0,
            0,
            0,
            0
        ]
    },
    {
        "cpu": [
            23.925,
            73.04166666666667,
            3.3249999999999997,
            4.983333333333333,
            7.45,
            4.983333333333333,
            6.633333333333333,
            4.158333333333333,
            4.9750000000000005,
            6.625,
            5.816666666666666,
            82.29166666666667,
            24.09166666666667,
            7.4750000000000005,
            7.466666666666666,
            0.0,
            0.0,
            0.0,
            0.0,
            0.0,
            3.3166666666666664,
            8.299999999999999,
            8.299999999999999,
            8.308333333333334,
            8.316666666666666,
            8.308333333333334,
            8.291666666666666,
            5.816666666666666,
            0.0,
            0.0,
            0.0,
            0.0,
            3.3249999999999997,
            7.458333333333333,
            8.308333333333334,
            8.291666666666666,
            8.299999999999999,
            8.299999999999999,
            8.291666666666666,
            8.291666666666666,
            8.299999999999999,
            8.299999999999999,
            8.299999999999999,
            8.299999999999999,
            7.483333333333333,
            8.308333333333334,
            7.466666666666666,
            9.133333333333333,
            8.308333333333334,
            6.641666666666667,
            0.0,
            0.0,
            0.0,
            0.0,
            0.0,
            0.0,
            0.0,
            0.0,
            0.0,
            0.0
        ],
        "ram": [
            29229056,
            38240256,
            47153152,
            61390848,
            70987776,
            72732672,
            83734528,
            87879680,
            95383552,
            103784448,
            112246784,
            138121216,
            148168704,
            156344320,
            167694336,
            167694336,
            167694336,
            167694336,
            167694336,
            167694336,
            168300544,
            168300544,
            168456192,
            168456192,
            168456192,
            168456192,
            168456192,
            169058304,
            169058304,
            169058304,
            169058304,
            169058304,
            169324544,
            205574144,
            205819904,
            206413824,
            206413824,
            206413824,
            206413824,
            206761984,
            206761984,
            206761984,
            206761984,
            206761984,
            239521792,
            239521792,
            239521792,
            239521792,
            207740928,
            0,
            0,
            0,
            0,
            0,
            0,
            0,
            0,
            0,
            0,
            0
        ],
        "io_data": [
            204,
            195,
            134,
            270,
            205,
            199,
            267,
            209,
            264,
            318,
            328,
            297,
            160,
            297,
            184,
            2,
            0,
            1,
            16,
            0,
            8,
            0,
            0,
            0,
            0,
            0,
            0,
            7,
            0,
            1,
            16,
            0,
            8,
            421,
            9069,
            7100,
            3824,
            3781,
            4095,
            3793,
            4179,
            2392,
            4307,
            3937,
            887,
            4,
            6,
            4,
            4,
            0,
            0,
            0,
            0,
            0,
            0,
            0,
            0,
            0,
            0,
            0
        ],
        "io_bytes": [
            0,
            0,
            0,
            0,
            0,
            0,
            0,
            0,
            0,
            0,
            0,
            0,
            0,
            0,
            0,
            0,
            0,
            0,
            0,
            0,
            0,
            0,
            0,
            0,
            0,
            0,
            0,
            0,
            0,
            0,
            0,
            0,
            0,
            0,
            0,
            0,
            0,
            0,
            0,
            0,
            0,
            0,
            0,
            0,
            0,
            0,
            0,
            0,
            0,
            0,
            0,
            0,
            0,
            0,
            0,
            0,
            0,
            0,
            0,
            0
        ]
    },
    {
        "cpu": [
            24.108333333333334,
            73.14999999999999,
            4.983333333333333,
            5.825,
            7.4750000000000005,
            6.6499999999999995,
            7.4750000000000005,
            7.483333333333333,
            4.1499999999999995,
            6.641666666666667,
            5.808333333333334,
            65.68333333333334,
            39.0,
            5.816666666666666,
            7.466666666666666,
            0.0,
            0.0,
            0.0,
            0.0,
            0.0,
            1.6583333333333332,
            8.308333333333334,
            8.299999999999999,
            8.308333333333334,
            8.291666666666666,
            8.308333333333334,
            7.4750000000000005,
            9.141666666666667,
            4.133333333333334,
            0.0,
            0.0,
            0.0,
            0.0,
            1.6583333333333332,
            6.641666666666667,
            8.308333333333334,
            7.483333333333333,
            8.308333333333334,
            8.308333333333334,
            8.308333333333334,
            8.308333333333334,
            8.316666666666666,
            8.291666666666666,
            8.299999999999999,
            8.299999999999999,
            8.308333333333334,
            8.299999999999999,
            7.4750000000000005,
            8.308333333333334,
            7.466666666666666,
            8.299999999999999,
            3.3083333333333336,
            0.0,
            0.0,
            0.0,
            0.0,
            0.0,
            0.0,
            0.0,
            0.0
        ],
        "ram": [
            31240192,
            36839424,
            49143808,
            61808640,
            71651328,
            80150528,
            90652672,
            95080448,
            102043648,
            110137344,
            121065472,
            150319104,
            159436800,
            167010304,
            179617792,
            179617792,
            179617792,
            179617792,
            179617792,
            179617792,
            180314112,
            180314112,
            180473856,
            180473856,
            180473856,
            180473856,
            180473856,
            180604928,
            180998144,
            180998144,
            180998144,
            180998144,
            180998144,
            180998144,
            183271424,
            215830528,
            216047616,
            216297472,
            216297472,
            216600576,
            216600576,
            216600576,
            216600576,
            216600576,
            216600576,
            249208832,
            249479168,
            249479168,
            249479168,
            217612288,
            217710592,
            0,
            0,
            0,
            0,
            0,
            0,
            0,
            0,
            0
        ],
        "io_data": [
            194,
            157,
            182,
            251,
            204,
            182,
            240,
            137,
            268,
            329,
            406,
            345,
            138,
            261,
            233,
            2,
            0,
            1,
            17,
            0,
            10,
            0,
            0,
            0,
            0,
            0,
            0,
            7,
            0,
            1,
            0,
            16,
            0,
            9,
            1,
            8406,
            8350,
            3149,
            3864,
            3629,
            3900,
            3927,
            2566,
            4092,
            4160,
            3199,
            0,
            8,
            4,
            6,
            0,
            0,
            0,
            0,
            0,
            0,
            0,
            0,
            0,
            0
        ],
        "io_bytes": [
            0,
            0,
            0,
            0,
            0,
            0,
            0,
            0,
            0,
            0,
            0,
            0,
            0,
            0,
            0,
            0,
            0,
            0,
            0,
            0,
            0,
            0,
            0,
            0,
            0,
            0,
            0,
            0,
            0,
            0,
            0,
            0,
            0,
            0,
            0,
            0,
            0,
            0,
            0,
            0,
            0,
            0,
            0,
            0,
            0,
            0,
            0,
            0,
            0,
            0,
            0,
            0,
            0,
            0,
            0,
            0,
            0,
            0,
            0,
            0
        ]
    },
    {
        "cpu": [
            8.308333333333334,
            90.53333333333335,
            4.1499999999999995,
            6.641666666666667,
            4.983333333333333,
            6.633333333333333,
            6.641666666666667,
            3.3249999999999997,
            6.6499999999999995,
            5.816666666666666,
            42.40833333333333,
            64.77499999999999,
            7.466666666666666,
            8.299999999999999,
            0.8333333333333334,
            0.0,
            0.0,
            0.0,
            0.0,
            1.6583333333333332,
            8.308333333333334,
            9.116666666666667,
            8.308333333333334,
            8.299999999999999,
            8.299999999999999,
            8.316666666666666,
            6.625,
            0.0,
            0.0,
            0.8333333333333334,
            0.0,
            1.6583333333333332,
            7.466666666666666,
            8.291666666666666,
            8.299999999999999,
            8.308333333333334,
            8.308333333333334,
            8.299999999999999,
            8.308333333333334,
            9.133333333333333,
            8.299999999999999,
            7.483333333333333,
            8.299999999999999,
            8.299999999999999,
            7.458333333333333,
            8.308333333333334,
            7.483333333333333,
            7.483333333333333,
            8.308333333333334,
            4.983333333333333,
            0.0,
            0.0,
            0.0,
            0.0,
            0.0,
            0.0,
            0.0,
            0.0,
            0.0,
            0.0
        ],
        "ram": [
            19562496,
            30224384,
            42651648,
            56557568,
            63672320,
            72740864,
            81338368,
            87982080,
            95744000,
            104067072,
            128851968,
            138940416,
            145039360,
            159641600,
            160546816,
            160546816,
            160546816,
            160546816,
            160546816,
            161366016,
            161366016,
            161521664,
            161521664,
            161521664,
            161521664,
            161521664,
            162127872,
            162127872,
            162127872,
            162127872,
            162127872,
            162127872,
            164249600,
            196915200,
            197005312,
            197492736,
            197492736,
            197492736,
            197857280,
            197857280,
            197857280,
            197857280,
            197857280,
            230174720,
            230686720,
            230686720,
            230686720,
            198762496,
            198828032,
            0,
            0,
            0,
            0,
            0,
            0,
            0,
            0,
            0,
            0,
            0
        ],
        "io_data": [
            184,
            221,
            219,
            224,
            216,
            173,
            247,
            275,
            302,
            348,
            389,
            218,
            196,
            299,
            21,
            0,
            1,
            16,
            0,
            8,
            0,
            0,
            0,
            0,
            0,
            0,
            7,
            0,
            1,
            16,
            0,
            8,
            1,
            6641,
            7974,
            3368,
            3870,
            3838,
            3919,
            3986,
            2808,
            4075,
            3897,
            3410,
            4,
            6,
            6,
            8,
            0,
            0,
            0,
            0,
            0,
            0,
            0,
            0,
            0,
            0,
            0,
            0
        ],
        "io_bytes": [
            0,
            0,
            0,
            0,
            0,
            0,
            0,
            0,
            0,
            0,
            0,
            0,
            0,
            0,
            0,
            0,
            0,
            0,
            0,
            0,
            0,
            0,
            0,
            0,
            0,
            0,
            0,
            0,
            0,
            0,
            0,
            0,
            0,
            0,
            0,
            0,
            0,
            0,
            0,
            0,
            0,
            0,
            0,
            0,
            0,
            0,
            0,
            0,
            0,
            0,
            0,
            0,
            0,
            0,
            0,
            0,
            0,
            0,
            0,
            0
        ]
    },
    {
        "cpu": [
            9.141666666666667,
            85.63333333333333,
            4.983333333333333,
            4.983333333333333,
            7.458333333333333,
            4.1499999999999995,
            6.633333333333333,
            4.983333333333333,
            4.1499999999999995,
            6.6499999999999995,
            5.808333333333334,
            81.44166666666666,
            25.758333333333336,
            6.641666666666667,
            7.466666666666666,
            0.0,
            0.0,
            0.0,
            0.0,
            0.0,
            3.3166666666666664,
            8.308333333333334,
            8.308333333333334,
            8.308333333333334,
            8.308333333333334,
            8.299999999999999,
            8.299999999999999,
            7.458333333333333,
            0.0,
            0.0,
            0.0,
            0.0,
            0.0,
            7.4750000000000005,
            8.308333333333334,
            7.4750000000000005,
            8.308333333333334,
            8.291666666666666,
            8.266666666666667,
            8.291666666666666,
            8.308333333333334,
            8.291666666666666,
            8.316666666666666,
            8.308333333333334,
            8.291666666666666,
            8.308333333333334,
            7.4750000000000005,
            8.308333333333334,
            7.4750000000000005,
            8.308333333333334,
            6.641666666666667,
            0.0,
            0.0,
            0.0,
            0.0,
            0.0,
            0.0,
            0.0,
            0.0,
            0.0
        ],
        "ram": [
            22241280,
            27365376,
            39137280,
            52879360,
            63299584,
            68157440,
            80777216,
            84451328,
            93409280,
            102756352,
            111919104,
            132358144,
            141647872,
            154710016,
            160571392,
            160571392,
            160571392,
            160571392,
            160571392,
            160571392,
            161329152,
            161476608,
            161476608,
            161476608,
            161476608,
            161476608,
            161476608,
            162009088,
            162009088,
            162009088,
            162009088,
            162009088,
            162009088,
            165101568,
            198819840,
            198950912,
            199417856,
            199417856,
            199417856,
            199786496,
            199786496,
            199786496,
            199786496,
            199786496,
            199786496,
            232587264,
            232587264,
            232587264,
            232587264,
            200847360,
            0,
            0,
            0,
            0,
            0,
            0,
            0,
            0,
            0,
            0
        ],
        "io_data": [
            190,
            137,
            180,
            271,
            206,
            177,
            269,
            129,
            329,
            360,
            342,
            334,
            150,
            365,
            89,
            2,
            1,
            0,
            16,
            0,
            9,
            0,
            0,
            0,
            0,
            0,
            0,
            7,
            0,
            1,
            0,
            16,
            10,
            1,
            4028,
            8866,
            5497,
            3752,
            4010,
            3332,
            3752,
            2880,
            3964,
            3627,
            4232,
            1284,
            4,
            8,
            2,
            4,
            0,
            0,
            0,
            0,
            0,
            0,
            0,
            0,
            0,
            0
        ],
        "io_bytes": [
            0,
            0,
            0,
            0,
            0,
            0,
            0,
            0,
            0,
            0,
            0,
            0,
            0,
            0,
            0,
            0,
            0,
            0,
            0,
            0,
            0,
            0,
            0,
            0,
            0,
            0,
            0,
            0,
            0,
            0,
            0,
            0,
            0,
            0,
            0,
            0,
            0,
            0,
            0,
            0,
            0,
            0,
            0,
            0,
            0,
            0,
            0,
            0,
            0,
            0,
            0,
            0,
            0,
            0,
            0,
            0,
            0,
            0,
            0,
            0
        ]
    },
    {
        "cpu": [
            9.983333333333333,
            85.49166666666667,
            4.1499999999999995,
            5.808333333333334,
            6.641666666666667,
            6.641666666666667,
            6.6499999999999995,
            3.3249999999999997,
            5.816666666666666,
            4.991666666666666,
            30.758333333333336,
            76.48333333333333,
            7.4750000000000005,
            8.308333333333334,
            2.4916666666666667,
            0.0,
            0.0,
            0.0,
            0.0,
            0.0,
            0.0,
            0.8333333333333334,
            8.291666666666666,
            8.291666666666666,
            8.308333333333334,
            8.291666666666666,
            8.291666666666666,
            8.299999999999999,
            8.299999999999999,
            1.6583333333333332,
            0.0,
            0.0,
            0.0,
            0.0,
            0.0,
            0.0,
            0.0,
            0.0,
            0.0,
            0.0,
            0.0,
            0.0,
            0.0,
            0.0,
            0.0,
            3.3166666666666664,
            8.308333333333334,
            8.299999999999999,
            8.308333333333334,
            8.308333333333334,
            8.299999999999999,
            8.308333333333334,
            8.299999999999999,
            8.299999999999999,
            8.299999999999999,
            8.308333333333334,
            8.291666666666666,
            9.125,
            7.466666666666666,
            8.308333333333334
        ],
        "ram": [
            18407424,
            27193344,
            41947136,
            54747136,
            62959616,
            72896512,
            81907712,
            89006080,
            97202176,
            104685568,
            129683456,
            141094912,
            146989056,
            162340864,
            163528704,
            163528704,
            163528704,
            163528704,
            163528704,
            163528704,
            163528704,
            164163584,
            164163584,
            164306944,
            164306944,
            164306944,
            164306944,
            164306944,
            164446208,
            164835328,
            164835328,
            164835328,
            164835328,
            164835328,
            164835328,
            164835328,
            164835328,
            164835328,
            164835328,
            164835328,
            164835328,
            164835328,
            164835328,
            164835328,
            164835328,
            165101568,
            199536640,
            199671808,
            200142848,
            200142848,
            200142848,
            200142848,
            200441856,
            200441856,
            200441856,
            200441856,
            200441856,
            232759296,
            233250816,
            233250816
        ],
        "io_data": [
            180,
            194,
            197,
            259,
            208,
            188,
            263,
            282,
            331,
            304,
            305,
            300,
            126,
            371,
            21,
            0,
            1,
            0,
            0,
            16,
            0,
            8,
            0,
            0,
            0,
            0,
            0,
            0,
            7,
            0,
            0,
            0,
            0,
            0,
            0,
            0,
            0,
            0,
            0,
            0,
            1,
            16,
            0,
            4,
            0,
            4,
            1186,
            8747,
            6733,
            3584,
            3630,
            3502,
            3636,
            3764,
            2752,
            4128,
            3542,
            3565,
            8,
            8
        ],
        "io_bytes": [
            0,
            0,
            0,
            0,
            0,
            0,
            0,
            0,
            0,
            0,
            0,
            0,
            0,
            0,
            0,
            0,
            0,
            0,
            0,
            0,
            0,
            0,
            0,
            0,
            0,
            0,
            0,
            0,
            0,
            0,
            0,
            0,
            0,
            0,
            0,
            0,
            0,
            0,
            0,
            0,
            0,
            0,
            0,
            0,
            0,
            0,
            0,
            0,
            0,
            0,
            0,
            0,
            0,
            0,
            0,
            0,
            0,
            0,
            0,
            0
        ]
    },
    {
        "cpu": [
            3.3249999999999997,
            93.95833333333333,
            2.4916666666666667,
            8.291666666666666,
            4.966666666666667,
            5.808333333333334,
            5.816666666666666,
            4.1499999999999995,
            5.7749999999999995,
            4.983333333333333,
            98.875,
            8.299999999999999,
            8.291666666666666,
            2.4916666666666667,
            0.0,
            0.0,
            0.0,
            0.0,
            0.0,
            8.299999999999999,
            8.299999999999999,
            8.299999999999999,
            8.291666666666666,
            8.308333333333334,
            8.299999999999999,
            8.308333333333334,
            8.308333333333334,
            1.6583333333333332,
            0.0,
            0.0,
            0.0,
            0.0,
            4.983333333333333,
            9.15,
            8.291666666666666,
            8.308333333333334,
            8.308333333333334,
            8.308333333333334,
            8.299999999999999,
            8.299999999999999,
            8.308333333333334,
            7.466666666666666,
            8.299999999999999,
            8.316666666666666,
            8.308333333333334,
            8.316666666666666,
            7.4750000000000005,
            8.316666666666666,
            7.483333333333333,
            8.308333333333334,
            4.9750000000000005,
            0.0,
            0.0,
            0.0,
            0.0,
            0.0,
            0.0,
            0.0,
            0.0,
            0.0
        ],
        "ram": [
            20463616,
            34344960,
            46374912,
            61132800,
            62881792,
            76787712,
            84787200,
            92647424,
            102498304,
            110555136,
            142106624,
            149065728,
            164347904,
            165605376,
            165605376,
            165605376,
            165605376,
            165605376,
            166092800,
            166363136,
            166514688,
            166514688,
            166514688,
            166514688,
            166514688,
            166514688,
            168742912,
            169209856,
            169209856,
            169209856,
            169209856,
            169209856,
            167587840,
            201826304,
            201949184,
            202334208,
            202334208,
            202334208,
            202838016,
            202838016,
            202838016,
            202838016,
            202838016,
            202838016,
            235560960,
            235560960,
            235560960,
            235560960,
            203776000,
            203812864,
            0,
            0,
            0,
            0,
            0,
            0,
            0,
            0,
            0,
            0
        ],
        "io_data": [
            180,
            225,
            184,
            279,
            213,
            229,
            338,
            260,
            402,
            280,
            421,
            100,
            397,
            21,
            0,
            1,
            0,
            16,
            9,
            0,
            0,
            0,
            0,
            0,
            0,
            0,
            7,
            0,
            1,
            0,
            16,
            0,
            9,
            1505,
            8369,
            7073,
            3787,
            3749,
            3146,
            4016,
            4062,
            2691,
            3990,
            3980,
            2856,
            0,
            8,
            6,
            6,
            0,
            0,
            0,
            0,
            0,
            0,
            0,
            0,
            0,
            0,
            0
        ],
        "io_bytes": [
            0,
            0,
            0,
            0,
            0,
            0,
            0,
            0,
            0,
            0,
            0,
            0,
            0,
            0,
            0,
            0,
            0,
            0,
            0,
            0,
            0,
            0,
            0,
            0,
            0,
            0,
            0,
            0,
            0,
            0,
            0,
            0,
            0,
            0,
            0,
            0,
            0,
            0,
            0,
            0,
            0,
            0,
            0,
            0,
            0,
            0,
            0,
            0,
            0,
            0,
            0,
            0,
            0,
            0,
            0,
            0,
            0,
            0,
            0,
            0
        ]
    }
]